66,641
66,642
67,640
67,641
67,642
67,643
68,640
68,641
68,642
68,643
69,640
69,641
69,642
69,643
69,644
70,640
70,641
70,642
70,643
70,644
71,640
71,641
71,642
71,643
71,644
71,645
72,640
72,641
72,642
72,643
72,644
72,645
73,640
73,641
73,642
73,643
73,644
73,645
73,646
74,640
74,641
74,642
74,643
74,644
74,645
74,646
75,640
75,641
75,642
75,643
75,644
75,645
75,646
75,647
76,640
76,641
76,642
76,643
76,644
76,645
76,646
76,647
77,640
77,641
77,642
77,643
77,644
77,645
77,646
77,647
77,648
78,640
78,641
78,642
78,643
78,644
78,645
78,646
78,647
78,648
79,640
79,641
79,642
79,643
79,644
79,645
79,646
79,647
79,648
79,649
80,641
80,642
80,643
80,644
80,645
80,646
80,647
80,648
80,649
81,641
81,642
81,643
81,644
81,645
81,646
81,647
81,648
81,649
81,650
82,642
82,643
82,644
82,645
82,646
82,647
82,648
82,649
82,650
83,642
83,643
83,644
83,645
83,646
83,647
83,648
83,649
83,650
83,651
84,643
84,644
84,645
84,646
84,647
84,648
84,649
84,650
84,651
84,652
85,643
85,644
85,645
85,646
85,647
85,648
85,649
85,650
85,651
85,652
86,644
86,645
86,646
86,647
86,648
86,649
86,650
86,651
86,652
86,653
87,645
87,646
87,647
87,648
87,649
87,650
87,651
87,652
87,653
88,645
88,646
88,647
88,648
88,649
88,650
88,651
88,652
88,653
88,654
89,646
89,647
89,648
89,649
89,650
89,651
89,652
89,653
89,654
90,646
90,647
90,648
90,649
90,650
90,651
90,652
90,653
90,654
90,655
91,647
91,648
91,649
91,650
91,651
91,652
91,653
91,654
91,655
92,647
92,648
92,649
92,650
92,651
92,652
92,653
92,654
92,655
92,656
93,648
93,649
93,650
93,651
93,652
93,653
93,654
93,655
93,656
94,648
94,649
94,650
94,651
94,652
94,653
94,654
94,655
94,656
94,657
95,649
95,650
95,651
95,652
95,653
95,654
95,655
95,656
95,657
96,649
96,650
96,651
96,652
96,653
96,654
96,655
96,656
96,657
96,658
97,650
97,651
97,652
97,653
97,654
97,655
97,656
97,657
97,658
98,650
98,651
98,652
98,653
98,654
98,655
98,656
98,657
98,658
98,659
99,651
99,652
99,653
99,654
99,655
99,656
99,657
99,658
99,659
99,660
100,651
100,652
100,653
100,654
100,655
100,656
100,657
100,658
100,659
100,660
101,652
101,653
101,654
101,655
101,656
101,657
101,658
101,659
101,660
101,661
102,652
102,653
102,654
102,655
102,656
102,657
102,658
102,659
102,660
102,661
103,653
103,654
103,655
103,656
103,657
103,658
103,659
103,660
103,661
103,662
104,654
104,655
104,656
104,657
104,658
104,659
104,660
104,661
104,662
105,654
105,655
105,656
105,657
105,658
105,659
105,660
105,661
105,662
105,663
106,655
106,656
106,657
106,658
106,659
106,660
106,661
106,662
106,663
107,655
107,656
107,657
107,658
107,659
107,660
107,661
107,662
107,663
107,664
108,656
108,657
108,658
108,659
108,660
108,661
108,662
108,663
108,664
108,803
108,804
109,656
109,801
109,802
110,812
110,833
110,845
111,795
111,796
111,800
111,801
111,802
111,806
111,807
111,811
111,812
111,822
111,829
111,832
111,833
111,837
111,838
111,839
111,842
111,844
111,845
112,795
112,801
112,807
112,812
112,822
112,829
112,833
112,836
112,841
112,845
113,794
113,795
113,796
113,797
113,808
113,812
113,816
113,818
113,821
113,822
113,827
113,828
113,829
113,833
113,837
113,838
113,841
113,845
114,792
114,798
114,806
114,812
114,815
114,819
114,822
114,829
114,833
114,836
114,839
114,845
114,849
115,792
115,809
115,812
115,822
115,825
115,829
115,833
115,839
115,845
115,848
115,849
116,669
116,793
116,797
116,798
116,804
116,812
116,817
116,818
116,822
116,827
116,829
116,833
116,838
116,845
116,848
116,849
117,669
117,794
117,795
117,809
117,812
117,822
117,828
117,829
117,833
117,845
118,669
118,670
118,795
118,805
118,806
118,807
118,808
118,812
118,822
118,829
118,833
118,845
119,669
119,670
120,669
120,670
120,671
121,668
121,669
121,670
121,671
122,663
122,664
122,665
122,666
122,667
122,668
122,669
122,670
122,671
122,672
123,664
123,665
123,666
123,667
123,668
123,669
123,670
123,671
123,672
124,664
124,665
124,666
124,667
124,668
124,669
124,670
124,671
124,672
124,673
125,665
125,666
125,667
125,668
125,669
125,670
125,671
125,672
125,673
125,846
126,665
126,666
126,667
126,668
126,669
126,670
126,671
126,672
126,673
126,674
126,827
126,830
126,831
126,837
126,838
126,845
126,846
127,666
127,667
127,668
127,669
127,670
127,671
127,672
127,673
127,674
127,827
127,846
128,666
128,667
128,668
128,669
128,670
128,671
128,672
128,673
128,674
128,675
128,825
128,827
128,840
128,842
128,846
129,667
129,668
129,669
129,670
129,671
129,672
129,673
129,674
129,675
129,823
129,827
129,846
130,667
130,668
130,669
130,670
130,671
130,672
130,673
130,674
130,675
130,676
130,823
130,827
130,834
130,837
130,838
130,846
130,849
131,668
131,669
131,670
131,671
131,672
131,673
131,674
131,675
131,676
131,677
131,824
131,827
131,840
131,846
132,672
132,673
132,674
132,675
132,676
132,677
132,827
132,835
132,846
133,674
133,675
133,676
133,677
133,678
133,827
133,837
133,838
133,846
134,675
134,676
134,677
134,678
135,676
135,677
135,678
135,679
136,677
136,678
136,679
137,677
137,678
137,679
137,680
138,678
138,679
138,680
139,678
139,679
139,680
139,681
140,678
140,679
140,680
140,681
141,678
141,679
141,680
141,681
141,682
142,678
142,679
142,680
142,681
142,682
143,677
143,678
143,679
143,680
143,681
143,682
143,683
144,677
144,678
144,679
144,680
144,681
144,682
144,683
145,676
145,677
145,678
145,679
145,680
145,681
145,682
146,676
146,677
146,678
146,679
146,680
146,681
147,676
147,677
147,678
147,679
147,680
147,681
148,677
148,678
148,679
148,680
148,681
149,677
149,678
149,679
149,680
149,681
150,678
150,679
150,680
150,681
151,679
151,680
151,681
152,679
152,680
152,681
153,680
153,681
154,680
154,681
155,681
156,681
157,682
158,682
158,683
158,684
158,685
158,686
158,687
158,688
158,689
158,690
158,691
159,683
159,684
159,685
159,686
159,687
159,688
159,689
159,690
159,691
160,683
160,684
160,685
160,686
160,687
160,688
160,689
160,690
160,691
160,692
161,684
161,685
161,686
161,687
161,688
161,689
161,690
161,691
161,692
162,684
162,685
162,686
162,687
162,688
162,689
162,690
162,691
162,692
162,693
163,685
163,686
163,687
163,688
163,689
163,690
163,691
163,692
163,693
163,694
164,685
164,686
164,687
164,688
164,689
164,690
164,691
164,692
164,693
164,694
165,686
165,687
165,688
165,689
165,690
165,691
165,692
165,693
165,694
165,695
166,686
166,687
166,688
166,689
166,690
166,691
166,692
166,693
166,694
166,695
167,687
167,688
167,689
167,690
167,691
167,692
167,693
167,694
167,695
167,696
168,688
168,689
168,690
168,691
168,692
168,693
168,694
168,695
168,696
169,688
169,689
169,690
169,691
169,692
169,693
169,694
169,695
169,696
169,697
170,689
170,690
170,691
170,692
170,693
170,694
170,695
170,696
170,697
171,689
171,690
171,691
171,692
171,693
171,694
171,695
171,696
171,697
171,698
172,690
172,691
172,692
172,693
172,694
172,695
172,696
172,697
172,698
173,690
173,691
173,692
173,693
173,694
173,695
173,696
173,697
173,698
173,699
174,691
174,692
174,693
174,694
174,695
174,696
174,697
174,698
174,699
175,691
175,692
175,693
175,694
175,695
175,696
175,697
175,698
175,699
175,700
176,692
176,693
176,694
176,695
176,696
176,697
176,698
176,699
176,700
177,692
177,693
177,694
177,695
177,696
177,697
177,698
177,699
177,700
177,701
178,693
178,694
178,695
178,696
178,697
178,698
178,699
178,700
178,701
179,693
179,694
179,695
179,696
179,697
179,698
179,699
179,700
179,701
179,702
180,694
180,695
180,696
180,697
180,698
180,699
180,700
180,701
180,702
180,703
181,694
181,695
181,696
181,697
181,698
181,699
181,700
181,701
181,702
181,703
182,695
182,696
182,697
182,698
182,699
182,700
182,701
182,702
182,703
182,704
183,696
183,697
183,698
183,699
183,700
183,701
183,702
183,703
183,704
184,696
184,697
184,698
184,699
184,700
184,701
184,702
184,703
184,704
184,705
185,697
185,698
185,699
185,700
185,701
185,702
185,703
185,704
185,705
186,697
186,698
186,699
186,700
186,701
186,702
186,703
186,704
186,705
186,706
187,698
187,699
187,700
187,701
187,702
187,703
187,704
187,705
187,706
188,698
188,699
188,700
188,701
188,702
188,703
188,704
188,705
188,706
188,707
189,699
189,700
189,701
189,702
189,703
189,704
189,705
189,706
189,707
190,699
190,700
190,701
190,702
190,703
190,704
190,705
190,706
190,707
190,708
191,700
191,701
191,702
191,703
191,704
191,705
191,706
191,707
191,708
192,700
192,701
192,702
192,703
192,704
192,705
192,706
192,707
192,708
192,709
193,701
193,702
193,703
193,704
193,705
193,706
193,707
193,708
193,709
194,701
194,702
194,703
194,704
194,705
194,706
194,707
194,708
194,709
194,710
195,702
195,703
195,704
195,705
195,706
195,707
195,708
195,709
195,710
195,711
196,702
196,703
196,704
196,705
196,706
196,707
196,708
196,709
196,710
196,711
197,703
197,704
197,705
197,706
197,707
197,708
197,709
197,710
197,711
197,712
198,703
198,704
198,705
198,706
198,707
198,708
198,709
198,710
198,711
198,712
199,704
199,705
199,706
199,707
199,708
199,709
199,710
199,711
199,712
199,713
200,705
200,706
200,707
200,708
200,709
200,710
200,711
200,712
200,713
201,705
201,706
201,707
201,708
201,709
201,710
201,711
201,712
201,713
201,714
202,706
202,707
202,708
202,709
202,710
202,711
202,712
202,713
202,714
203,706
203,707
203,708
203,709
203,710
203,711
203,712
203,713
203,714
203,715
204,707
204,708
204,709
204,710
204,711
204,712
204,713
204,714
204,715
205,707
205,708
205,709
205,710
205,711
205,712
205,713
205,714
205,715
205,716
206,708
206,709
206,710
206,711
206,712
206,713
206,714
206,715
206,716
207,708
207,709
207,710
207,711
207,712
207,713
207,714
207,715
207,716
207,717
208,709
208,710
208,711
208,712
208,713
208,714
208,715
208,716
208,717
209,709
209,710
209,711
209,712
209,713
209,714
209,715
209,716
209,717
209,718
210,710
210,711
210,712
210,713
210,714
210,715
210,716
210,717
210,718
211,710
211,711
211,712
211,713
211,714
211,715
211,716
211,717
211,718
211,719
212,711
212,712
212,713
212,714
212,715
212,716
212,717
212,718
212,719
212,720
213,711
213,712
213,713
213,714
213,715
213,716
213,717
213,718
213,719
213,720
214,712
214,713
214,714
214,715
214,716
214,717
214,718
214,719
214,720
214,721
215,712
215,713
215,714
215,715
215,716
215,717
215,718
215,719
215,720
215,721
216,713
216,714
216,715
216,716
216,717
216,718
216,719
216,720
216,721
216,722
217,713
217,714
217,715
217,716
217,717
217,718
217,719
217,720
217,721
217,722
218,714
218,715
218,716
218,717
218,718
218,719
218,720
218,721
218,722
218,723
219,715
219,716
219,717
219,718
219,719
219,720
219,721
219,722
219,723
220,718
220,719
220,720
220,721
220,722
220,723
220,724
221,718
221,719
221,720
221,721
221,722
221,723
221,724
222,718
222,719
222,720
222,721
222,722
222,723
222,724
222,725
223,718
223,719
223,720
223,721
223,722
223,723
223,724
223,725
224,718
224,719
224,720
224,721
224,722
224,723
224,724
224,725
225,718
225,719
225,720
225,721
225,722
225,723
225,724
225,725
226,718
226,719
226,720
226,721
226,722
226,723
226,724
226,725
226,726
227,718
227,719
227,720
227,721
227,722
227,723
227,724
227,725
227,726
228,718
228,719
228,720
228,721
228,722
228,723
228,724
228,725
228,726
229,719
229,720
229,721
229,722
229,723
229,724
229,725
229,726
230,719
230,720
230,721
230,722
230,723
230,724
230,725
230,726
230,727
231,719
231,720
231,721
231,722
231,723
231,724
231,725
231,726
231,727
232,719
232,720
232,721
232,722
232,723
232,724
232,725
232,726
232,727
233,720
233,721
233,722
233,723
233,724
233,725
233,726
233,727
234,720
234,721
234,722
234,723
234,724
234,725
234,726
234,727
234,728
235,720
235,721
235,722
235,723
235,724
235,725
235,726
235,727
235,728
236,720
236,721
236,722
236,723
236,724
236,725
236,726
236,727
236,728
237,720
237,721
237,722
237,723
237,724
237,725
237,726
237,727
237,728
238,721
238,722
238,723
238,724
238,725
238,726
238,727
238,728
239,722
239,723
239,724
239,725
239,726
239,727
239,728
239,729
240,723
240,724
240,725
240,726
240,727
240,728
240,729
241,724
241,725
241,726
241,727
241,728
241,729
242,724
242,725
242,726
242,727
242,728
242,729
243,723
243,724
243,725
243,726
243,727
243,728
243,729
243,730
244,722
244,723
244,724
244,725
244,726
244,727
244,728
244,729
244,730
245,722
245,723
245,724
245,725
245,726
245,727
245,728
245,729
245,730
246,723
246,724
246,725
246,726
246,727
246,728
246,729
246,730
247,723
247,724
247,725
247,726
247,727
247,728
247,729
247,730
247,731
248,723
248,724
248,725
248,726
248,727
248,728
248,729
248,730
248,731
249,723
249,724
249,725
249,726
249,727
249,728
249,729
249,730
249,731
250,723
250,724
250,725
250,726
250,727
250,728
250,729
250,730
250,731
251,724
251,725
251,726
251,727
251,728
251,729
251,730
251,731
252,724
252,725
252,726
252,727
252,728
252,729
252,730
252,731
252,732
253,724
253,725
253,726
253,727
253,728
253,729
253,730
253,731
253,732
254,724
254,725
254,726
254,727
254,728
254,729
254,730
254,731
254,732
255,725
255,726
255,727
255,728
255,729
255,730
255,731
255,732
256,725
256,726
256,727
256,728
256,729
256,730
256,731
256,732
256,733
257,725
257,726
257,727
257,728
257,729
257,730
257,731
257,732
257,733
258,725
258,726
258,727
258,728
258,729
258,730
258,731
258,732
258,733
259,726
259,727
259,728
259,729
259,730
259,731
259,732
259,733
260,726
260,727
260,728
260,729
260,730
260,731
260,732
260,733
260,734
261,726
261,727
261,728
261,729
261,730
261,731
261,732
261,733
261,734
262,726
262,727
262,728
262,729
262,730
262,731
262,732
262,733
262,734
263,726
263,727
263,728
263,729
263,730
263,731
263,732
263,733
263,734
264,727
264,728
264,729
264,730
264,731
264,732
264,733
264,734
265,727
265,728
265,729
265,730
265,731
265,732
265,733
265,734
265,735
266,727
266,728
266,729
266,730
266,731
266,732
266,733
266,734
266,735
267,727
267,728
267,729
267,730
267,731
267,732
267,733
267,734
267,735
268,728
268,729
268,730
268,731
268,732
268,733
268,734
268,735
269,728
269,729
269,730
269,731
269,732
269,733
269,734
269,735
269,736
270,728
270,729
270,730
270,731
270,732
270,733
270,734
270,735
270,736
271,728
271,729
271,730
271,731
271,732
271,733
271,734
271,735
271,736
272,729
272,730
272,731
272,732
272,733
272,734
272,735
272,736
273,729
273,730
273,731
273,732
273,733
273,734
273,735
273,736
273,737
274,730
274,731
274,732
274,733
274,734
274,735
274,736
274,737
275,730
275,731
275,732
275,733
275,734
275,735
275,736
275,737
276,730
276,731
276,732
276,733
276,734
276,735
276,736
276,737
277,730
277,731
277,732
277,733
277,734
277,735
277,736
277,737
278,730
278,731
278,732
278,733
278,734
278,735
278,736
278,737
278,738
279,730
279,731
279,732
279,733
279,734
279,735
279,736
279,737
279,738
280,730
280,731
280,732
280,733
280,734
280,735
280,736
280,737
280,738
281,731
281,732
281,733
281,734
281,735
281,736
281,737
281,738
282,731
282,732
282,733
282,734
282,735
282,736
282,737
282,738
282,739
283,731
283,732
283,733
283,734
283,735
283,736
283,737
283,738
283,739
284,731
284,732
284,733
284,734
284,735
284,736
284,737
284,738
284,739
285,732
285,733
285,734
285,735
285,736
285,737
285,738
285,739
286,732
286,733
286,734
286,735
286,736
286,737
286,738
286,739
286,740
287,732
287,733
287,734
287,735
287,736
287,737
287,738
287,739
287,740
288,732
288,733
288,734
288,735
288,736
288,737
288,738
288,739
288,740
289,733
289,734
289,735
289,736
289,737
289,738
289,739
289,740
290,733
290,734
290,735
290,736
290,737
290,738
290,739
290,740
291,733
291,734
291,735
291,736
291,737
291,738
291,739
291,740
291,741
292,734
292,735
292,736
292,737
292,738
292,739
292,740
292,741
293,735
293,736
293,737
293,738
293,739
293,740
293,741
294,736
294,737
294,738
294,739
294,740
294,741
295,736
295,737
295,738
295,739
295,740
295,741
295,742
296,735
296,736
296,737
296,738
296,739
296,740
296,741
296,742
297,734
297,735
297,736
297,737
297,738
297,739
297,740
297,741
297,742
298,735
298,736
298,737
298,738
298,739
298,740
298,741
298,742
299,735
299,736
299,737
299,738
299,739
299,740
299,741
299,742
299,743
300,735
300,736
300,737
300,738
300,739
300,740
300,741
300,742
300,743
301,735
301,736
301,737
301,738
301,739
301,740
301,741
301,742
301,743
302,736
302,737
302,738
302,739
302,740
302,741
302,742
302,743
303,736
303,737
303,738
303,739
303,740
303,741
303,742
303,743
304,736
304,737
304,738
304,739
304,740
304,741
304,742
304,743
304,744
305,736
305,737
305,738
305,739
305,740
305,741
305,742
305,743
305,744
306,736
306,737
306,738
306,739
306,740
306,741
306,742
306,743
306,744
307,737
307,738
307,739
307,740
307,741
307,742
307,743
307,744
308,737
308,738
308,739
308,740
308,741
308,742
308,743
308,744
308,745
309,737
309,738
309,739
309,740
309,741
309,742
309,743
309,744
309,745
310,737
310,738
310,739
310,740
310,741
310,742
310,743
310,744
310,745
311,738
311,739
311,740
311,741
311,742
311,743
311,744
311,745
312,738
312,739
312,740
312,741
312,742
312,743
312,744
312,745
312,746
313,738
313,739
313,740
313,741
313,742
313,743
313,744
313,745
313,746
314,738
314,739
314,740
314,741
314,742
314,743
314,744
314,745
314,746
315,739
315,740
315,741
315,742
315,743
315,744
315,745
315,746
316,739
316,740
316,741
316,742
316,743
316,744
316,745
316,746
317,739
317,740
317,741
317,742
317,743
317,744
317,745
317,746
317,747
318,739
318,740
318,741
318,742
318,743
318,744
318,745
318,746
318,747
319,739
319,740
319,741
319,742
319,743
319,744
319,745
319,746
319,747
320,740
320,741
320,742
320,743
320,744
320,745
320,746
320,747
321,740
321,741
321,742
321,743
321,744
321,745
321,746
321,747
321,748
322,740
322,741
322,742
322,743
322,744
322,745
322,746
322,747
322,748
323,740
323,741
323,742
323,743
323,744
323,745
323,746
323,747
323,748
324,741
324,742
324,743
324,744
324,745
324,746
324,747
324,748
324,749
325,741
325,742
325,743
325,744
325,745
325,746
325,747
325,748
325,749
326,741
326,742
326,743
326,744
326,745
326,746
326,747
326,748
326,749
327,743
327,744
327,745
327,746
327,747
327,748
327,749
328,745
328,746
328,747
328,748
328,749
328,750
329,747
329,748
329,750
330,748
330,750
331,748
331,750
332,749
332,750
333,749
333,750
334,749
334,751
335,749
335,751
336,749
336,751
337,749
337,750
337,751
338,749
338,750
338,751
339,748
339,749
339,750
339,752
340,748
340,749
340,750
340,752
341,747
341,748
341,749
341,750
341,752
342,746
342,747
342,748
342,749
342,750
342,751
342,752
343,746
343,747
343,748
343,749
343,750
343,751
343,752
344,745
344,746
344,747
344,748
344,749
344,750
344,751
344,753
345,745
345,746
345,747
345,748
345,749
345,750
345,751
345,753
346,745
346,747
346,748
346,749
346,750
346,751
346,753
347,745
347,747
347,748
347,749
347,750
347,751
347,752
347,753
348,745
348,747
348,748
348,749
348,750
348,751
348,752
348,753
349,745
349,746
349,747
349,748
349,749
349,750
349,751
349,752
349,754
350,746
350,747
350,748
350,749
350,750
350,751
350,752
350,754
351,746
351,748
351,749
351,750
351,751
351,752
351,754
352,746
352,748
352,749
352,750
352,751
352,752
352,753
352,754
353,746
353,748
353,749
353,750
353,751
353,752
353,753
353,754
354,746
354,747
354,748
354,749
354,750
354,751
354,752
354,753
354,755
355,747
355,748
355,749
355,750
355,751
355,752
355,753
355,755
356,747
356,749
356,750
356,751
356,752
356,753
356,755
357,747
357,749
357,750
357,751
357,752
357,753
357,755
358,747
358,749
358,750
358,751
358,752
358,753
358,754
358,755
359,747
359,748
359,749
359,750
359,751
359,752
359,753
359,754
359,755
360,748
360,749
360,750
360,751
360,752
360,753
360,754
360,756
361,748
361,750
361,751
361,752
361,753
361,754
361,756
362,748
362,750
362,751
362,752
362,753
362,754
362,756
363,748
363,750
363,751
363,752
363,753
363,754
363,755
363,756
364,748
364,749
364,750
364,751
364,752
364,753
364,754
364,755
364,756
365,749
365,750
365,751
365,752
365,753
365,754
365,755
365,757
366,749
366,751
366,752
366,753
366,754
366,755
366,757
367,749
367,751
367,752
367,753
367,754
367,755
367,757
368,749
368,751
368,752
368,753
368,754
368,755
368,756
368,757
369,749
369,751
369,752
369,753
369,754
369,755
369,756
369,757
370,750
370,751
370,752
370,753
370,754
370,755
370,756
370,758
371,750
371,751
371,752
371,753
371,754
371,755
371,756
371,758
372,750
372,752
372,753
372,754
372,755
372,756
372,758
373,750
373,752
373,753
373,754
373,755
373,756
373,757
373,758
374,750
374,752
374,753
374,754
374,755
374,756
374,757
374,758
375,751
375,752
375,753
375,754
375,755
375,756
375,757
375,759
376,751
376,752
376,753
376,754
376,755
376,756
376,757
376,759
377,751
377,753
377,754
377,755
377,756
377,757
377,759
378,751
378,753
378,754
378,755
378,756
378,757
378,758
378,759
379,751
379,753
379,754
379,755
379,756
379,757
379,758
379,759
380,752
380,753
380,754
380,755
380,756
380,757
380,758
380,760
381,752
381,753
381,754
381,755
381,756
381,757
381,758
381,760
382,752
382,754
382,755
382,756
382,757
382,758
382,760
383,752
383,754
383,755
383,756
383,757
383,758
383,759
383,760
384,752
384,754
384,755
384,756
384,757
384,758
384,759
384,760
385,752
385,753
385,754
385,755
385,756
385,757
385,758
385,759
386,753
386,754
386,755
386,756
386,757
386,758
386,759
386,760
386,761
387,753
387,754
387,755
387,756
387,757
387,758
387,759
387,760
387,761
388,753
388,754
388,755
388,756
388,757
388,758
388,759
388,760
388,761
389,754
389,755
389,756
389,757
389,758
389,759
389,760
389,761
390,754
390,755
390,756
390,757
390,758
390,759
390,760
390,761
391,754
391,755
391,756
391,757
391,758
391,759
391,760
391,761
391,762
392,754
392,755
392,756
392,757
392,758
392,759
392,760
392,761
392,762
393,754
393,755
393,756
393,757
393,758
393,759
393,760
393,761
393,762
394,755
394,756
394,757
394,758
394,759
394,760
394,761
394,762
395,755
395,756
395,757
395,758
395,759
395,760
395,761
395,762
395,763
396,755
396,756
396,757
396,758
396,759
396,760
396,761
396,762
396,763
397,755
397,756
397,757
397,758
397,759
397,760
397,761
397,762
397,763
398,755
398,756
398,757
398,758
398,759
398,760
398,761
398,762
398,763
399,756
399,757
399,758
399,759
399,760
399,761
399,762
399,763
400,756
400,757
400,758
400,759
400,760
400,761
400,762
400,763
400,764
401,756
401,757
401,758
401,759
401,760
401,761
401,762
401,763
401,764
402,756
402,757
402,758
402,759
402,760
402,761
402,762
402,763
402,764
403,756
403,757
403,758
403,759
403,760
403,761
403,762
403,763
403,764
404,757
404,758
404,759
404,760
404,761
404,762
404,763
404,764
405,757
405,758
405,759
405,760
405,761
405,762
405,763
405,764
405,765
406,757
406,758
406,759
406,760
406,761
406,762
406,763
406,764
406,765
407,757
407,758
407,759
407,760
407,761
407,762
407,763
407,764
407,765
408,757
408,758
408,759
408,760
408,761
408,762
408,763
408,764
408,765
409,758
409,759
409,760
409,761
409,762
409,763
409,764
409,765
410,758
410,759
410,760
410,761
410,762
410,763
410,764
410,765
410,766
411,758
411,759
411,760
411,761
411,762
411,763
411,764
411,765
411,766
412,758
412,759
412,760
412,761
412,762
412,763
412,764
412,765
412,766
413,759
413,760
413,761
413,762
413,763
413,764
413,765
413,766
414,759
414,760
414,761
414,762
414,763
414,764
414,765
414,766
415,759
415,760
415,761
415,762
415,763
415,764
415,765
415,766
415,767
416,759
416,760
416,761
416,762
416,763
416,764
416,765
416,766
416,767
417,759
417,760
417,761
417,762
417,763
417,764
417,765
417,766
417,767
418,760
418,761
418,762
418,763
418,764
418,765
418,766
418,767
419,760
419,761
419,762
419,763
419,764
419,765
419,766
419,767
419,768
420,760
420,761
420,762
420,763
420,764
420,765
420,766
420,767
420,768
421,760
421,761
421,762
421,763
421,764
421,765
421,766
421,767
421,768
422,764
422,765
422,766
422,767
422,768
423,765
423,766
423,767
423,768
424,761
424,765
424,766
424,767
424,768
424,769
425,765
425,766
425,767
425,768
425,769
426,765
426,766
426,767
426,768
426,769
427,765
427,766
427,767
427,768
427,769
428,764
428,765
428,766
428,767
428,768
428,769
429,762
429,765
429,766
429,767
429,768
429,769
429,770
430,765
430,766
430,767
430,768
430,769
430,770
431,764
431,765
431,766
431,767
431,768
431,769
431,770
432,763
432,764
432,765
432,766
432,767
432,768
432,769
432,770
433,763
433,764
433,765
433,766
433,767
433,768
433,769
433,770
434,763
434,764
434,765
434,766
434,767
434,768
434,769
434,770
434,771
435,763
435,764
435,765
435,766
435,767
435,768
435,769
435,770
435,771
436,763
436,764
436,765
436,766
436,767
436,768
436,769
436,770
436,771
437,764
437,765
437,766
437,767
437,768
437,769
437,770
437,771
438,764
438,765
438,766
438,767
438,768
438,769
438,770
438,771
439,764
439,765
439,766
439,767
439,768
439,769
439,770
439,771
439,772
440,764
440,765
440,766
440,767
440,768
440,769
440,770
440,771
440,772
441,764
441,765
441,766
441,767
441,768
441,769
441,770
441,771
441,772
442,765
442,766
442,767
442,768
442,769
442,770
442,771
442,772
443,765
443,766
443,767
443,768
443,769
443,770
443,771
443,772
443,773
444,765
444,766
444,767
444,768
444,769
444,770
444,771
444,772
444,773
445,765
445,766
445,767
445,768
445,769
445,770
445,771
445,772
445,773
446,765
446,766
446,767
446,768
446,769
446,770
446,771
446,772
446,773
447,766
447,767
447,768
447,769
447,770
447,771
447,772
447,773
448,766
448,767
448,768
448,769
448,770
448,771
448,772
448,773
448,774
449,766
449,767
449,768
449,769
449,770
449,771
449,772
449,773
449,774
450,766
450,767
450,768
450,769
450,770
450,771
450,772
450,773
450,774
451,766
451,767
451,768
451,769
451,770
451,771
451,772
451,773
451,774
452,767
452,768
452,769
452,770
452,771
452,772
452,773
452,774
453,767
453,768
453,769
453,770
453,771
453,772
453,773
453,774
453,775
454,767
454,768
454,769
454,770
454,771
454,772
454,773
454,774
454,775
455,767
455,768
455,769
455,770
455,771
455,772
455,773
455,774
455,775
456,767
456,768
456,769
456,770
456,771
456,772
456,773
456,774
456,775
457,768
457,769
457,770
457,771
457,772
457,773
457,774
457,775
458,768
458,769
458,770
458,771
458,772
458,773
458,774
458,775
458,776
459,768
459,769
459,770
459,771
459,772
459,773
459,774
459,775
459,776
460,768
460,769
460,770
460,771
460,772
460,773
460,774
460,775
460,776
461,769
461,770
461,771
461,772
461,773
461,774
461,775
461,776
462,769
462,770
462,771
462,772
462,773
462,774
462,775
462,776
462,777
463,769
463,770
463,771
463,772
463,773
463,774
463,775
463,776
463,777
464,769
464,770
464,771
464,772
464,773
464,774
464,775
464,776
464,777
465,769
465,770
465,771
465,772
465,773
465,774
465,775
465,776
465,777
466,770
466,771
466,772
466,773
466,774
466,775
466,776
466,777
466,778
467,770
467,771
467,772
467,773
467,774
467,775
467,776
467,777
467,778
468,770
468,771
468,772
468,773
468,774
468,775
468,776
468,777
468,778
469,771
469,772
469,773
469,774
469,775
469,776
469,777
469,778
470,771
470,772
470,773
470,774
470,775
470,776
470,777
470,778
470,779
471,771
471,772
471,773
471,774
471,775
471,776
471,777
471,778
471,779
472,771
472,772
472,773
472,774
472,775
472,776
472,777
472,778
472,779
473,772
473,773
473,774
473,775
473,776
473,777
473,778
473,779
474,772
474,773
474,774
474,775
474,776
474,777
474,778
474,779
474,780
475,772
475,773
475,774
475,775
475,776
475,777
475,778
475,779
475,780
476,772
476,773
476,774
476,775
476,776
476,777
476,778
476,779
476,780
477,773
477,774
477,775
477,776
477,777
477,778
477,779
477,780
478,773
478,774
478,775
478,776
478,777
478,778
478,779
478,780
478,781
479,773
479,774
479,775
479,776
479,777
479,778
479,779
479,780
479,781
480,773
480,774
480,775
480,776
480,777
480,778
480,779
480,780
480,781
481,774
481,775
481,776
481,777
481,778
481,779
481,780
481,781
482,774
482,775
482,776
482,777
482,778
482,779
482,780
482,781
482,782
483,774
483,775
483,776
483,777
483,778
483,779
483,780
483,781
483,782
484,774
484,775
484,776
484,777
484,778
484,779
484,780
484,781
484,782
485,775
485,776
485,777
485,778
485,779
485,780
485,781
485,782
486,775
486,776
486,777
486,778
486,779
486,780
486,781
486,782
486,783
487,775
487,776
487,777
487,778
487,779
487,780
487,781
487,782
487,783
488,775
488,776
488,777
488,778
488,779
488,780
488,781
488,782
488,783
489,776
489,777
489,778
489,779
489,780
489,781
489,782
489,783
490,776
490,777
490,778
490,779
490,781
490,782
490,783
490,784
491,776
491,777
491,778
491,782
491,783
491,784
492,776
492,777
492,783
492,784
493,777
493,778
493,782
493,783
493,784
494,777
494,778
494,779
494,781
494,782
494,783
495,778
495,779
495,780
495,781
495,782
495,783
496,780
496,781
